Coefficients:-0.54789724
Intercept:2.15038349
Correlation: -0.96331383