Coefficients:-0.81434686
Intercept:2.56482144
Correlation: -0.76709482