Coefficients:-1.00518509
Intercept:3.96442529
Correlation: -0.97004371