Coefficients:-0.42251186
Intercept:2.42829323
Correlation: -0.89614783