Coefficients:-0.97506821
Intercept:3.05137055
Correlation: -0.76092209