Coefficients:-0.63702023
Intercept:4.15949425
Correlation: -0.98059512