Coefficients:-0.78648125
Intercept:3.99799071
Correlation: -0.96870313