Coefficients:-0.86241417
Intercept:3.61536235
Correlation: -0.96198569