Coefficients:-0.44538731
Intercept:2.35254646
Correlation: -0.94272654