Coefficients:-0.45802559
Intercept:2.53599754
Correlation: -0.91163825